% DC MOTOR

G_pos = tf(5.076,[1 4.48 0.4322]);



%% SMC

B = 5.076;

mu = 0.5;
